{
  "advancedEditorSelectedIdentifier" : "ProjectBrowser",
  "openSceneRelativePaths" : [
    "Immersive.usda",
    "ClockScene.usda",
    "VolumeWeather.usda"
  ],
  "recentIdentifiers" : {
    "0A9256F7-F378-4374-AA4C-5821AAC81E8B" : [

    ],
    "19870AFC-9868-4CB0-A1D2-0F3AC9F3A375" : [

    ],
    "A119D13E-25E5-4F21-85AB-2C4791D77352" : [

    ]
  },
  "sceneCameraHistory" : {
    "19870AFC-9868-4CB0-A1D2-0F3AC9F3A375" : [
      {
        "date" : 778726113.001052,
        "title" : "Untitled",
        "transform" : [
          0.8208872,
          -1.9712232e-10,
          0.5710902,
          0,
          0.049887355,
          0.9961773,
          -0.07170794,
          0,
          -0.5689073,
          0.08735462,
          0.8177491,
          0,
          -0.3195131,
          0.3524031,
          0.9685185,
          1
        ]
      },
      {
        "date" : 778726106.944433,
        "title" : "Untitled",
        "transform" : [
          -0.5533946,
          1.9369008e-08,
          0.8329191,
          0,
          0.633318,
          0.6495023,
          0.4207791,
          0,
          -0.5409826,
          0.7603598,
          -0.35943112,
          0,
          -0.82758206,
          0.99514973,
          -0.053856574,
          1
        ]
      },
      {
        "date" : 778726090.931883,
        "title" : "Untitled",
        "transform" : [
          -0.18529375,
          1.7400808e-08,
          0.9826832,
          0,
          0.6355505,
          0.76270187,
          0.11983896,
          0,
          -0.7494941,
          0.6467504,
          -0.14132392,
          0,
          -0.90106285,
          0.88725436,
          0.20395243,
          1
        ]
      },
      {
        "date" : 778726084.738537,
        "title" : "Untitled",
        "transform" : [
          0.8390284,
          1.8985517e-08,
          0.5440876,
          0,
          0.19446214,
          0.9339478,
          -0.29987645,
          0,
          -0.50814945,
          0.35740954,
          0.7836086,
          0,
          -0.28258148,
          0.56325674,
          1.0905668,
          1
        ]
      },
      {
        "date" : 778726081.33044,
        "title" : "Untitled",
        "transform" : [
          0.8310996,
          1.6847286e-08,
          0.5561236,
          0,
          0.15503356,
          0.9603564,
          -0.23168972,
          0,
          -0.5340768,
          0.2787753,
          0.79815173,
          0,
          -0.30181998,
          0.47599846,
          1.0922346,
          1
        ]
      },
      {
        "date" : 778726075.587466,
        "title" : "Untitled",
        "transform" : [
          -0.18403572,
          1.5367776e-08,
          0.9829196,
          0,
          0.44730568,
          0.8904513,
          0.08375094,
          0,
          -0.8752418,
          0.45507887,
          -0.16387495,
          0,
          -1.0732839,
          0.6743591,
          0.17281714,
          1
        ]
      },
      {
        "date" : 778726070.681219,
        "title" : "Untitled",
        "transform" : [
          0.9816099,
          1.7081e-08,
          0.19089794,
          0,
          0.06082759,
          0.94787645,
          -0.31277835,
          0,
          -0.18094778,
          0.3186384,
          0.9304448,
          0,
          0.14058349,
          0.5220258,
          1.0965209,
          1
        ]
      },
      {
        "date" : 770861299.06177,
        "title" : "Untitled",
        "transform" : [
          0.8721021,
          1.829221e-08,
          0.48932406,
          0,
          0.36519805,
          0.6655746,
          -0.65087694,
          0,
          -0.32568175,
          0.74633145,
          0.58044887,
          0,
          -0.016688287,
          0.97336125,
          0.7395419,
          1
        ]
      },
      {
        "date" : 770861296.244343,
        "title" : "Untitled",
        "transform" : [
          0.9716527,
          7.6160633e-10,
          0.23641294,
          0,
          0.10147805,
          0.90319043,
          -0.41707224,
          0,
          -0.213526,
          0.42924026,
          0.8775874,
          0,
          0.08820745,
          0.71600825,
          0.94546527,
          1
        ]
      },
      {
        "date" : 770861190.225986,
        "title" : "Untitled",
        "transform" : [
          -0.04914332,
          7.3630485e-10,
          0.99879175,
          0,
          0.5096069,
          0.8600419,
          0.025074221,
          0,
          -0.8590027,
          0.51022357,
          -0.042265408,
          0,
          -1.2205921,
          0.8022077,
          0.43071517,
          1
        ]
      }
    ],
    "A119D13E-25E5-4F21-85AB-2C4791D77352" : [
      {
        "date" : 770417435.021697,
        "title" : "Untitled",
        "transform" : [
          0.9096383,
          -2.0469482e-05,
          -0.41540125,
          0,
          -0.17943163,
          0.90187943,
          -0.39296013,
          0,
          0.37465006,
          0.43198732,
          0.82038057,
          0,
          0.34219152,
          0.479402,
          0.8347339,
          1
        ]
      },
      {
        "date" : 770415513.420534,
        "title" : "Untitled",
        "transform" : [
          0.9156732,
          -2.0469803e-05,
          -0.40192354,
          0,
          -0.14006336,
          0.93729913,
          -0.3191434,
          0,
          0.37672925,
          0.3485254,
          0.858257,
          0,
          0.083523214,
          0.14534155,
          0.2822181,
          1
        ]
      },
      {
        "date" : 770412726.700544,
        "title" : "Untitled",
        "transform" : [
          0.9388244,
          -2.0466921e-05,
          0.34439632,
          0,
          0.14340793,
          0.9092028,
          -0.39087662,
          0,
          -0.31311813,
          0.4163532,
          0.8535848,
          0,
          -0.07560987,
          0.12895328,
          0.18163465,
          1
        ]
      },
      {
        "date" : 770411993.8308,
        "title" : "Untitled",
        "transform" : [
          0.47204214,
          -2.0465328e-05,
          0.88157606,
          0,
          0.3582064,
          0.91373295,
          -0.19178154,
          0,
          -0.8055213,
          0.40631467,
          0.43132788,
          0,
          -0.1785059,
          0.12678067,
          0.08601886,
          1
        ]
      },
      {
        "date" : 770261754.921564,
        "title" : "Untitled",
        "transform" : [
          0.8656946,
          -2.0476184e-05,
          -0.5005727,
          0,
          0.06783204,
          0.99078083,
          0.11726914,
          0,
          0.49595535,
          -0.13547458,
          0.8577149,
          0,
          0.30047292,
          0.009784177,
          0.56550467,
          1
        ]
      },
      {
        "date" : 770260711.002558,
        "title" : "Untitled",
        "transform" : [
          0.8656946,
          -2.0476184e-05,
          -0.5005727,
          0,
          0.06783204,
          0.99078083,
          0.11726914,
          0,
          0.49595535,
          -0.13547458,
          0.8577149,
          0,
          0.02813825,
          0.084174804,
          0.09452382,
          1
        ]
      },
      {
        "date" : 770260361.823725,
        "title" : "Untitled",
        "transform" : [
          0.91056526,
          -2.0486763e-05,
          0.41336533,
          0,
          0.17036848,
          0.9111345,
          -0.3752448,
          0,
          -0.37662375,
          0.4121088,
          0.82965106,
          0,
          -0.03607819,
          0.121212125,
          0.14353736,
          1
        ]
      },
      {
        "date" : 770260360.465909,
        "title" : "Untitled",
        "transform" : [
          0.9042412,
          -2.0479789e-05,
          0.4270221,
          0,
          0.18053472,
          0.9062524,
          -0.3822485,
          0,
          -0.38698205,
          0.42273664,
          0.8194745,
          0,
          -0.03754924,
          0.12287169,
          0.14163212,
          1
        ]
      },
      {
        "date" : 770260356.491105,
        "title" : "Untitled",
        "transform" : [
          0.22089003,
          -2.0486013e-05,
          0.9752986,
          0,
          0.7215013,
          0.6728581,
          -0.16339493,
          0,
          -0.6562347,
          0.7397712,
          0.14864248,
          0,
          -0.06543501,
          0.17150451,
          0.027961846,
          1
        ]
      },
      {
        "date" : 770260251.357808,
        "title" : "Untitled",
        "transform" : [
          0.9454567,
          -2.048552e-05,
          -0.32574767,
          0,
          -0.090885535,
          0.96027297,
          -0.26384783,
          0,
          0.3128121,
          0.27906194,
          0.9078948,
          0,
          0.07161957,
          0.10031736,
          0.16804561,
          1
        ]
      }
    ],
    "AF09ED6F-1707-48FD-8720-65B998362C09" : [
      {
        "date" : 765856454.652964,
        "title" : "Untitled",
        "transform" : [
          0.8907782,
          4.827621e-09,
          0.4544384,
          0,
          0.24177328,
          0.8467278,
          -0.4739175,
          0,
          -0.38478562,
          0.5320265,
          0.75424653,
          0,
          -1.534652,
          1.7521458,
          4.142166,
          1
        ]
      },
      {
        "date" : 765847126.85552,
        "title" : "Untitled",
        "transform" : [
          0.8907782,
          4.827621e-09,
          0.4544384,
          0,
          0.24177328,
          0.8467278,
          -0.4739175,
          0,
          -0.38478562,
          0.5320265,
          0.75424653,
          0,
          -1.2100102,
          1.6730303,
          2.3718297,
          1
        ]
      }
    ]
  },
  "sceneViewportBackgroundColors" : {
    "A119D13E-25E5-4F21-85AB-2C4791D77352" : [
      0.043608632,
      0.043608632,
      0.043608632,
      1
    ]
  },
  "selectedSceneRelativePath" : "VolumeWeather.usda"
}